"klass","subklass","compound_public_id","compound_name","directparent","component"
"Flavonoids","Isoflavonoids","FDB002608","Daidzein",NA,"Isoflavones"
"Flavonoids","Isoflavonoids","FDB012219","Formononetin",NA,"Isoflavones"
"Flavonoids","Isoflavonoids","FDB011828","Genistein",NA,"Isoflavones"
"Flavonoids","Isoflavonoids","FDB012223","Biochanin A",NA,"Isoflavones"
"Flavonoids","Isoflavonoids","FDB000698","Glycitein",NA,"Isoflavones"
"Flavonoids","Isoflavonoids","FDB017323","Glycitin",NA,"Isoflavones"
"Flavonoids","Isoflavonoids","FDB002609","6''-Acetyldaidzin",NA,"Isoflavones"
"Flavonoids","Isoflavonoids","FDB000670","6''-Malonylgenistin",NA,"Isoflavones"
"Flavonoids","Isoflavonoids","FDB012225","Daidzin",NA,"Isoflavones"
"Flavonoids","Isoflavonoids","FDB012221","Genistin",NA,"Isoflavones"
"Flavonoids","Isoflavonoids","FDB000669","6''-O-Acetylgenistin",NA,"Isoflavones"
"Flavonoids","Isoflavonoids","FDB019095","6''-Acetylglycitin",NA,"Isoflavones"
"Flavonoids","Isoflavonoids","FDB021174","6''-Malonyldaidzin",NA,"Isoflavones"
"Flavonoids","Isoflavonoids","FDB018876","6''-Malonylglycitin",NA,"Isoflavones"
"Isoflavonoids","Isoflav-2-enes","FDB001445","2-Hydroxypseudobaptigenin","Isoflavones","Isoflavones"
"Isoflavonoids","Isoflav-2-enes","FDB001650","5-O-Methylgenistein","Isoflavones","Isoflavones"
"Isoflavonoids","Isoflav-2-enes","FDB001652","7,8,2',4'-Tetrahydroxyisoflavone","Isoflavones","Isoflavones"
"Isoflavonoids","Isoflav-2-enes","FDB002620","5,7-Dihydroxyisoflavone","Isoflavones","Isoflavones"
"Isoflavonoids","Isoflav-2-enes","FDB003851","Dillanol","Isoflavones","Isoflavones"
"Isoflavonoids","Isoflav-2-enes","FDB010652","Barpisoflavone A","Isoflavones","Isoflavones"
"Isoflavonoids","Isoflav-2-enes","FDB011342","Irisone B","Isoflavones","Isoflavones"
"Isoflavonoids","Isoflav-2-enes","FDB012043","Glyzaglabrin","Isoflavones","Isoflavones"
"Isoflavonoids","Isoflav-2-enes","FDB012251","2'-Hydroxygenistein","Isoflavones","Isoflavones"
"Isoflavonoids","Isoflav-2-enes","FDB012252","8-Hydroxygenistein","Isoflavones","Isoflavones"
"Isoflavonoids","Isoflav-2-enes","FDB013105","Shoyuflavone B","Isoflavones","Isoflavones"
"Isoflavonoids","Isoflav-2-enes","FDB013106","Shoyuflavone C","Isoflavones","Isoflavones"
"Isoflavonoids","Isoflav-2-enes","FDB015195","Glicoricone","Isoflavones","Isoflavones"
"Isoflavonoids","Isoflav-2-enes","FDB017746","Gancaonin C","Isoflavones","Isoflavones"
"Isoflavonoids","Isoflav-2-enes","FDB018364","2,3-Dehydrokievitol","Isoflavones","Isoflavones"
"Isoflavonoids","Isoflav-2-enes","FDB018365","Gancaonin L","Isoflavones","Isoflavones"
"Isoflavonoids","Isoflav-2-enes","FDB018368","3-(2,4-Dihydroxyphenyl)-8,9-dihydro-5-hydroxy-8-(1-methylethenyl)-4H-furo[2,3-h]-1-benzopyran-5-one","Isoflavones","Isoflavones"
"Isoflavonoids","Isoflav-2-enes","FDB029845","4'-Methyldelphinidin 3-glucoside","Isoflavones","Isoflavones"
"Isoflavonoids","Isoflav-2-enes","FDB029848","5,6,7,3',4'-Pentahydroxyisoflavone","Isoflavones","Isoflavones"
"Isoflavonoids","Isoflav-2-enes","FDB029849","5,6,7,4'-Tetrahydroxyisoflavone","Isoflavones","Isoflavones"
"Isoflavonoids","Isoflav-2-enes","FDB029850","5,7,8,3',4'-Pentahydroxyisoflavone","Isoflavones","Isoflavones"
"Isoflavonoids","Isoflav-2-enes","FDB029867","7,8,3',4'-Tetrahydroxyisoflavone","Isoflavones","Isoflavones"
"Isoflavonoids","Isoflav-2-enes","FDB029978","Tectorigenin","Isoflavones","Isoflavones"
"Isoflavonoids","Isoflav-2-enes","FDB029980","Isotectorigenin","Isoflavones","Isoflavones"
"Isoflavonoids","Isoflav-2-enes","FDB030294","2'-hydroxypseudobaptigenin","Isoflavones","Isoflavones"
"Isoflavonoids","Isoflav-2-enes","FDB093497","formononetin methylated ","Isoflavones","Isoflavones"
"Isoflavonoids","Isoflav-2-enes","FDB093576","Isolupalbigenin","Isoflavones","Isoflavones"
"Isoflavonoids","Isoflav-2-enes","FDB093714","Genistein 7-sulfate","Isoflavones","Isoflavones"
"Isoflavonoids","Isoflav-2-enes","FDB000442","2'-Hydroxydaidzein","Isoflavones","Isoflavones"
"Isoflavonoids","Isoflav-2-enes","FDB008378","6-Hydroxydaidzein","Isoflavones","Isoflavones"
"Isoflavonoids","Isoflav-2-enes","FDB011287","2',4',5,7,8-Pentahydroxyisoflavone","Isoflavones","Isoflavones"
"Isoflavonoids","Isoflav-2-enes","FDB011985","Irilone","Isoflavones","Isoflavones"
"Isoflavonoids","Isoflav-2-enes","FDB012044","8-Hydroxydaidzein","Isoflavones","Isoflavones"
"Isoflavonoids","Isoflav-2-enes","FDB012398","Licoisoflavone A","Isoflavones","Isoflavones"
"Isoflavonoids","Isoflav-2-enes","FDB017077","3'-(gamma,gamma-Dimethylallyl)genistein","Isoflavones","Isoflavones"
"Isoflavonoids","Isoflav-2-enes","FDB018363","2',4',5,7-Tetrahydroxy-8-prenylisoflavone","Isoflavones","Isoflavones"
"Isoflavonoids","Isoflav-2-enes","FDB018366","Lupiwighteone","Isoflavones","Isoflavones"
"Isoflavonoids","Isoflav-2-enes","FDB029811","3'-Hydroxydaidzein","Isoflavones","Isoflavones"
"Isoflavonoids","Isoflav-2-enes","FDB029814","3'-Hydroxygenistein","Isoflavones","Isoflavones"
"Flavonoids","Flavonoid glycosides","FDB000014","Pelargonidin 3-(6''-succinyl-glucoside)","Anthocyanidin-3-O-glycosides","Anthocyanidins"
"Flavonoids","Flavonoid glycosides","FDB000024","Petunidin 3-O-(6''-acetyl-galactoside)","Anthocyanidin-3-O-glycosides","Anthocyanidins"
"Flavonoids","Flavonoid glycosides","FDB000025","Peonidin 3-(6''-acetyl-galactoside)","Anthocyanidin-3-O-glycosides","Anthocyanidins"
"Flavonoids","Flavonoid glycosides","FDB000027","Malvidin 3-(6''-acetyl-galactoside)","Anthocyanidin-3-O-glycosides","Anthocyanidins"
"Flavonoids","Flavonoid glycosides","FDB000035","Peonidin 3-(6''-p-coumaroyl-glucoside)","Anthocyanidin 3-O-6-p-coumaroyl glycosides","Anthocyanidins"
"Flavonoids","Flavonoid glycosides","FDB000040","Delphinidin 3-xyloside","Anthocyanidin-3-O-glycosides","Anthocyanidins"
"Flavonoids","Flavonoid glycosides","FDB000041","Petunidin 3-(6''-p-coumaroyl-glucoside)","Anthocyanidin-3-O-glycosides","Anthocyanidins"
"Flavonoids","Flavonoid glycosides","FDB000064","Cyanidin 3-O-(6''-malonyl-3''-glucosyl-glucoside)","Anthocyanidin-3-O-glycosides","Anthocyanidins"
"Flavonoids","Flavonoid glycosides","FDB000075","Delphinidin 3-feruloylglucoside","Anthocyanidin 3-O-6-p-coumaroyl glycosides","Anthocyanidins"
"Flavonoids","Flavonoid glycosides","FDB000680","Delphinidin 3-[6''-(4'''-p-coumaroylrhamnosyl)glucoside] 5-glucoside","Anthocyanidin-5-O-glycosides","Anthocyanidins"
"Flavonoids","Flavonoid glycosides","FDB001566","Cyanidin 3-O-(2""-xylosyl-6""-glucosyl-galactoside)","Anthocyanidin-3-O-glycosides","Anthocyanidins"
"Flavonoids","Flavonoid glycosides","FDB001569","Apigeninidin 5-(5''-caffeylarabinoside)","Anthocyanidin-5-O-glycosides","Anthocyanidins"
"Flavonoids","Flavonoid glycosides","FDB001570","Pelargonidin 3-p-coumarylglucoside","Anthocyanidin 3-O-6-p-coumaroyl glycosides","Anthocyanidins"
"Flavonoids","Flavonoid glycosides","FDB001571","Cyanidin 3-(6''-acetylglucoside)","Anthocyanidin-3-O-glycosides","Anthocyanidins"
"Flavonoids","Flavonoid glycosides","FDB001573","Cyanidin 3-(3'',6''-dimalonylglucoside)","Anthocyanidin-5-O-glycosides","Anthocyanidins"
"Flavonoids","Flavonoid glycosides","FDB001574","Cyanidin 3-(6''-malonyllaminaribioside)","Anthocyanidin-3-O-glycosides","Anthocyanidins"
"Flavonoids","Flavonoid glycosides","FDB001575","Cyanidin 3-O-(2""-xylosyl-6""-(6""'-p-hydroxybenzoyl-glucosyl)-galactoside)","Anthocyanidin-3-O-glycosides","Anthocyanidins"
"Flavonoids","Flavonoid glycosides","FDB001576","Cyanidin 3-O-(2""-xylosyl-6""-(6""'-p-coumaroyl-glucosyl)-galactoside)","Anthocyanidin 3-O-6-p-coumaroyl glycosides","Anthocyanidins"
"Flavonoids","Flavonoid glycosides","FDB001577","Cyanidin 3-(6''-p-coumarylsophoroside) 5-glucoside","Anthocyanidin 3-O-6-p-coumaroyl glycosides","Anthocyanidins"
"Flavonoids","Flavonoid glycosides","FDB001578","Cyanidin 3-(6''-caffeylsophoroside) 5-glucoside","Anthocyanidin 3-O-6-p-coumaroyl glycosides","Anthocyanidins"
"Flavonoids","Flavonoid glycosides","FDB001579","Cyanidin 3-[6''-(4-glucosyl-p-coumaryl)sophoroside] 5-glucoside","Anthocyanidin 3-O-6-p-coumaroyl glycosides","Anthocyanidins"
"Flavonoids","Flavonoid glycosides","FDB001583","Peonidin 3-(6''-acetyl-glucoside)","Anthocyanidin 3-O-6-p-coumaroyl glycosides","Anthocyanidins"
"Flavonoids","Flavonoid glycosides","FDB001584","Peonidin 3-(6''-caffeoyl-glucoside)","Anthocyanidin 3-O-6-p-coumaroyl glycosides","Anthocyanidins"
"Flavonoids","Flavonoid glycosides","FDB001585","Peonidin acetyl 3,5-diglucoside","Anthocyanidin-5-O-glycosides","Anthocyanidins"
"Flavonoids","Flavonoid glycosides","FDB001586","Peonidin 3-(6''-malonyl-glucoside) 5-glucoside","Anthocyanidin-5-O-glycosides","Anthocyanidins"
"Flavonoids","Flavonoid glycosides","FDB001587","Peonidin 3-feruloyl-diglucoside 5-glucoside","Anthocyanidin 3-O-6-p-coumaroyl glycosides","Anthocyanidins"
"Flavonoids","Flavonoid glycosides","FDB001588","Peonidin 3-caffeoyl-rutinoside 5-glucoside","Anthocyanidin-5-O-glycosides","Anthocyanidins"
"Flavonoids","Flavonoid glycosides","FDB001589","Delphinidin 3-caffeoylglucoside","Anthocyanidin 3-O-6-p-coumaroyl glycosides","Anthocyanidins"
"Flavonoids","Flavonoid glycosides","FDB001591","Petunidin 3-(6''-acetylglucoside)","Anthocyanidin-3-O-glycosides","Anthocyanidins"
"Flavonoids","Flavonoid glycosides","FDB001592","Petunidin 3-(4'''-p-coumaroyl-rutinoside)","Anthocyanidin-5-O-glycosides","Anthocyanidins"
"Flavonoids","Flavonoid glycosides","FDB001662","5-Carboxypyranocyanidin 3-O-beta-glucopyranoside","Anthocyanidin-3-O-glycosides","Anthocyanidins"
"Flavonoids","Flavonoid glycosides","FDB001695","Pelargonidin 3-O-[2-O-(6-(E)-feruloyl-beta-D-glucopyranosyl)-6-O-(E)-feruloyl-beta-D-glucopyranoside] 5-O-(beta-D-glucopyranoside)","Anthocyanidin 3-O-6-p-coumaroyl glycosides","Anthocyanidins"
"Flavonoids","Flavonoid glycosides","FDB001719","Cyanidin 3-(3-glucosyl-6-malonylglucoside) 4'-glucoside","Anthocyanidin-3-O-glycosides","Anthocyanidins"
"Flavonoids","Flavonoid glycosides","FDB001720","Cyanidin 7-(3-glucosyl-6-malonylglucoside) 4'-glucoside","Anthocyanidin-7-O-Glycosides","Anthocyanidins"
"Flavonoids","Flavonoid glycosides","FDB001721","Delphinidin 3-[6-(4-(Z)-p-coumarylrhamnosyl)glucoside] 5-glucoside","Anthocyanidin-5-O-glycosides","Anthocyanidins"
"Flavonoids","Flavonoid glycosides","FDB001723","Delphinidin 3-glucoside 5-(6''-malonylglucoside)","Anthocyanidin-5-O-glycosides","Anthocyanidins"
"Flavonoids","Flavonoid glycosides","FDB001724","Malvidin 3-(6-(4-feruloyl-alpha-rhamnosyl)-beta-glucoside) 5-beta-glucoside","Anthocyanidin-5-O-glycosides","Anthocyanidins"
"Flavonoids","Flavonoid glycosides","FDB001725","Pelargonidin 3-O-[2-O-(6-O-(E)-feruloyl-beta-D-glucopyranosyl)-beta-D-glucopyranoside] 5-O-(beta-D-glucopyranoside)","Anthocyanidin-5-O-glycosides","Anthocyanidins"
"Flavonoids","Flavonoid glycosides","FDB001726","Pelargonidin 3-O-[2-O-(6-(E)-caffeoyl-beta-D-glucopyranosyl)-6-O-(E)-caffeoyl-beta-D-glucopyranoside] 5-O-(beta-D-glucopyranoside)","Anthocyanidin 3-O-6-p-coumaroyl glycosides","Anthocyanidins"
"Flavonoids","Flavonoid glycosides","FDB001727","Pelargonidin 3-O-[2-O-(6-(E)-feruloyl-beta-D-glucopyranosyl)-6-O-(E)-caffeoyl-beta-D-glucopyranoside] 5-O-(beta-D-glucopyranoside)","Anthocyanidin 3-O-6-p-coumaroyl glycosides","Anthocyanidins"
"Flavonoids","Flavonoid glycosides","FDB001728","Pelargonidin 3-O-[2-O-beta-D-glucopyranosyl-6-O-(E)-p-coumaroyl-beta-D-glucopyranoside] 5-O-(beta-D-glucopyranoside)","Anthocyanidin 3-O-6-p-coumaroyl glycosides","Anthocyanidins"
"Flavonoids","Flavonoid glycosides","FDB001729","Pelargonidin 3-O-[2-O-(6-(E)-caffeoyl-beta-D-glucopyranosyl)-6-O-(E)-p-coumaroyl-beta-D-glucopyranoside] 5-O-(beta-D-glucopyranoside)","Anthocyanidin 3-O-6-p-coumaroyl glycosides","Anthocyanidins"
"Flavonoids","Flavonoid glycosides","FDB001730","Pelargonidin 3-O-[2-O-(6-(E)-caffeoyl-beta-D-glucopyranosyl)-6-O-(E)-feruloyl-beta-D-glucopyranoside] 5-O-(beta-D-glucopyranoside)","Anthocyanidin 3-O-6-p-coumaroyl glycosides","Anthocyanidins"
"Flavonoids","Flavonoid glycosides","FDB001731","Pelargonidin 3-O-[2-O-(6-(E)-feruloyl-beta-D-glucopyranosyl)-6-O-(E)-p-coumaroyl-beta-D-glucopyranoside] 5-O-(beta-D-glucopyranoside)","Anthocyanidin-5-O-glycosides","Anthocyanidins"
"Flavonoids","Flavonoid glycosides","FDB001732","Pelargonidin 3-O-[2-O-(2-(E)-feruloyl-beta-D-glucopyranosyl)-6-O-(E)-feruloyl-beta-D-glucopyranoside] 5-O-(beta-D-glucopyranoside)","Anthocyanidin 3-O-6-p-coumaroyl glycosides","Anthocyanidins"
"Flavonoids","Flavonoid glycosides","FDB001733","Petunidin 3-O-[6-O-(4-O-(E)-caffeoyl-O-alpha-rhamnopyranosyl)-beta-glucopyranoside]-5-O-beta-glucopyranoside","Anthocyanidin-5-O-glycosides","Anthocyanidins"
"Flavonoids","Flavonoid glycosides","FDB001734","Petunidin 3-O-[6-O-(4-O-(4-O-(beta-D-glucopyranosyl)-feruloyl)-alpha-L-rhamnopyranosyl)-beta-D-glucopyranoside]- 5-O-[beta-D-glucopyranoside]","Anthocyanidin-5-O-glycosides","Anthocyanidins"
"Flavonoids","Flavonoid glycosides","FDB001735","(Cyanidin 3-O-(3-O-acetyl-beta-glucoside) (kaempferol 3-O-(2-O-beta-glucosyl-beta-glucoside)-7-O-beta-glucosiduronic acid) malonate","Anthocyanidin 3-O-6-p-coumaroyl glycosides","Anthocyanidins"
"Flavonoids","Flavonoid glycosides","FDB001737","5-Carboxypyranopelargonidin 3-O-beta-glucopyranoside","Anthocyanidin-3-O-glycosides","Anthocyanidins"
"Flavonoids","Flavonoid glycosides","FDB001754","Delphinidin 3-(3''-p-coumaroylglucoside)","Anthocyanidin-3-O-glycosides","Anthocyanidins"
"Flavonoids","Flavonoid glycosides","FDB002603","Cyanidin 3-glucoside","Anthocyanidin-3-O-glycosides","Anthocyanidins"
"Flavonoids","Flavonoid glycosides","FDB002614","Delphinidin 3,5-diglucoside","Anthocyanidin-5-O-glycosides","Anthocyanidins"
"Flavonoids","Flavonoid glycosides","FDB002748","Pelargonidin 3-glucoside","Anthocyanidin-3-O-glycosides","Anthocyanidins"
"Flavonoids","Flavonoid glycosides","FDB002754","Peonidin 3,5-diglucoside","Anthocyanidin-5-O-glycosides","Anthocyanidins"
"Flavonoids","Flavonoid glycosides","FDB002756","Petunin","Anthocyanidin-5-O-glycosides","Anthocyanidins"
"Flavonoids","Flavonoid glycosides","FDB005809","Cyanidin 3-(caffeoyl-sophoroside) 5-glucoside","Anthocyanidin-5-O-glycosides","Anthocyanidins"
"Flavonoids","Flavonoid glycosides","FDB005810","Cyanidin 3-dicaffeoyl-sophoroside 5-glucoside","Anthocyanidin 3-O-6-p-coumaroyl glycosides","Anthocyanidins"
"Flavonoids","Flavonoid glycosides","FDB005940","Cyanidin 3-glucosyl-rutinoside","Anthocyanidin-3-O-glycosides","Anthocyanidins"
"Flavonoids","Flavonoid glycosides","FDB005942","Cyanidin 3-triglucoside","Anthocyanidin-3-O-glycosides","Anthocyanidins"
"Flavonoids","Flavonoid glycosides","FDB006531","Malvidin 3,5-diglucoside","Anthocyanidin-5-O-glycosides","Anthocyanidins"
"Flavonoids","Flavonoid glycosides","FDB006804","Pelargonidin 3,5-di-O-glucoside","Anthocyanidin-5-O-glycosides","Anthocyanidins"
"Flavonoids","Flavonoid glycosides","FDB006897","Cyanidin 3-xylosyl-rutinoside","Anthocyanidin-3-O-glycosides","Anthocyanidins"
"Flavonoids","Flavonoid glycosides","FDB007035","Cyanidin 3-O-(6-trans-p-coumaroyl-2-O-beta-D-xylopyranosyl)-beta-D-glucopyranoside","Anthocyanidin 3-O-6-p-coumaroyl glycosides","Anthocyanidins"
"Flavonoids","Flavonoid glycosides","FDB007413","Cyanidin 3-O-alpha-L-arabinoside","Anthocyanidin-3-O-glycosides","Anthocyanidins"
"Flavonoids","Flavonoid glycosides","FDB007424","Malvidin 3-alpha-L-galactoside","Anthocyanidin-3-O-glycosides","Anthocyanidins"
"Flavonoids","Flavonoid glycosides","FDB007581","Malvidin 3-caffeoyl-glucoside","Anthocyanidin 3-O-6-p-coumaroyl glycosides","Anthocyanidins"
"Flavonoids","Flavonoid glycosides","FDB007659","Cyanidin 3-galactoside p-coumaric acid ester","Anthocyanidin 3-O-6-p-coumaroyl glycosides","Anthocyanidins"
"Flavonoids","Flavonoid glycosides","FDB007982","Cyanidin 3,5-digalactoside","Anthocyanidin-5-O-glycosides","Anthocyanidins"
"Flavonoids","Flavonoid glycosides","FDB007983","Cyanidin 3-(sinapoyl-xylosyl-glucosyl)-galactoside","Anthocyanidin-3-O-glycosides","Anthocyanidins"
"Flavonoids","Flavonoid glycosides","FDB011782","Pelargonidin 3-sophoroside","Anthocyanidin-3-O-glycosides","Anthocyanidins"
"Flavonoids","Flavonoid glycosides","FDB011785","Pelargonidin 3-galactoside","Anthocyanidin-3-O-glycosides","Anthocyanidins"
"Flavonoids","Flavonoid glycosides","FDB011790","Pelargonidin 3-sophoroside 5-glucoside","Anthocyanidin-5-O-glycosides","Anthocyanidins"
"Flavonoids","Flavonoid glycosides","FDB011792","Pelargonidin 3-(2gluglucosylrutinoside)","Anthocyanidin-3-O-glycosides","Anthocyanidins"
"Flavonoids","Flavonoid glycosides","FDB011848","Cyanidin 3-O-[4-Hydroxycinnamoyl-(->6)-[4-hydroxy-3,5-dimethoxycinnamoyl-(->2)-b-D-glucopyranosyl-(1->2)]-b-D-glucopyranoside] 5-O-(6-O-malonyl-b-D-glucopyranoside)","Anthocyanidin 3-O-6-p-coumaroyl glycosides","Anthocyanidins"
"Flavonoids","Flavonoid glycosides","FDB011849","Cyanidin 3-O-[[4-Hydroxy-3,5-dimethoxycinnamoyl-(->2)-b-D-glucopyranosyl-(1->2)]-[4-hydroxy-3-methoxycinnamoyl-(->6)]-b-D-glucopyranoside] 5-O-(6-O-malonyl-b-D-glucopyranoside)","Anthocyanidin 3-O-6-p-coumaroyl glycosides","Anthocyanidins"
"Flavonoids","Flavonoid glycosides","FDB014136","Pelargonidin 3-O-[b-D-Glucopyranosyl-(1->2)-[4-hydroxycinnamoyl-(->6)]-b-D-glucopyranoside](E-) 5-O-(6-O-malonyl-b-D-glucopyranoside)","Anthocyanidin 3-O-6-p-coumaroyl glycosides","Anthocyanidins"
"Flavonoids","Flavonoid glycosides","FDB014137","Pelargonidin 3-O-[b-D-Glucopyranosyl-(1->2)-[4-hydroxy-3-methoxy-(E)-cinnamoyl-(->6)]-b-D-glucopyranoside] 5-O-(6-O-malonyl-b-D-glucopyranoside)","Anthocyanidin 3-O-6-p-coumaroyl glycosides","Anthocyanidins"
"Flavonoids","Flavonoid glycosides","FDB014138","YGM 5A","Anthocyanidin 3-O-6-p-coumaroyl glycosides","Anthocyanidins"
"Flavonoids","Flavonoid glycosides","FDB014139","YGM 4B","Anthocyanidin 3-O-6-p-coumaroyl glycosides","Anthocyanidins"
"Flavonoids","Flavonoid glycosides","FDB014143","Cyanidin 3-O-[4-Hydroxy-E-cinnamoyl-(->6)-b-D-glucopyranosyl-(1->2)-b-D-glucopyranoside] 5-glucoside","Anthocyanidin-5-O-glycosides","Anthocyanidins"
"Flavonoids","Flavonoid glycosides","FDB014144","YGM 1A","Anthocyanidin 3-O-6-p-coumaroyl glycosides","Anthocyanidins"
"Flavonoids","Flavonoid glycosides","FDB016080","Delphinidin 3-lathyroside 5-glucoside","Anthocyanidin-5-O-glycosides","Anthocyanidins"
"Flavonoids","Flavonoid glycosides","FDB017147","Cyanidin 3-(4-acetylglucoside)","Anthocyanidin-3-O-glycosides","Anthocyanidins"
"Flavonoids","Flavonoid glycosides","FDB017148","Cyanidin 3-arabinoside","Anthocyanidin-3-O-glycosides","Anthocyanidins"
"Flavonoids","Flavonoid glycosides","FDB017150","Cyanidin 3,3',5-triglucoside","Anthocyanidin-5-O-glycosides","Anthocyanidins"
"Flavonoids","Flavonoid glycosides","FDB017151","Cyanidin 3-(6''-malonylglucoside)","Anthocyanidin-3-O-glycosides","Anthocyanidins"
"Flavonoids","Flavonoid glycosides","FDB017152","Cyanidin 3-rhamnoside","Anthocyanidin-3-O-glycosides","Anthocyanidins"
"Flavonoids","Flavonoid glycosides","FDB017158","Cyanidin 3-sambubioside","Anthocyanidin-3-O-glycosides","Anthocyanidins"
"Flavonoids","Flavonoid glycosides","FDB017162","Cyanidin 7-glucoside","Anthocyanidin-7-O-Glycosides","Anthocyanidins"
"Flavonoids","Flavonoid glycosides","FDB017164","Cyanidin 3-(disinapoylsophoroside) 5-glucoside","Anthocyanidin 3-O-6-p-coumaroyl glycosides","Anthocyanidins"
"Flavonoids","Flavonoid glycosides","FDB017165","Cyanidin 3-sambubioside 5-glucoside","Anthocyanidin-5-O-glycosides","Anthocyanidins"
"Flavonoids","Flavonoid glycosides","FDB017168","Cyanidin 3-(malonylsophoroside) 5-glucoside","Anthocyanidin-5-O-glycosides","Anthocyanidins"
"Flavonoids","Flavonoid glycosides","FDB017173","Cyanidin 3-xyloside","Anthocyanidin-3-O-glycosides","Anthocyanidins"
"Flavonoids","Flavonoid glycosides","FDB017175","Cyanidin 3,3'-diglucoside","Anthocyanidin-3-O-glycosides","Anthocyanidins"
"Flavonoids","Flavonoid glycosides","FDB017177","Cyanidin 3-(2G-glucosylrutinoside)","Anthocyanidin-3-O-glycosides","Anthocyanidins"
"Flavonoids","Flavonoid glycosides","FDB017182","Cyanidin 3,4'-diglucoside","Anthocyanidin-3-O-glycosides","Anthocyanidins"
"Flavonoids","Flavonoid glycosides","FDB017184","Cyanidin 3-(caffeoylglucoside)","Anthocyanidin 3-O-6-p-coumaroyl glycosides","Anthocyanidins"
"Flavonoids","Flavonoid glycosides","FDB017187","Cyanidin 3-rhamnoside 5-glucoside","Anthocyanidin-5-O-glycosides","Anthocyanidins"
"Flavonoids","Flavonoid glycosides","FDB017188","Cyanidin 3-(2G-xylosylrutinoside)","Anthocyanidin-3-O-glycosides","Anthocyanidins"
"Flavonoids","Flavonoid glycosides","FDB017189","Cyanidin 3-sophorotrioside","Anthocyanidin-3-O-glycosides","Anthocyanidins"
"Flavonoids","Flavonoid glycosides","FDB017190","Cyanidin 3-laminaribioside","Anthocyanidin-3-O-glycosides","Anthocyanidins"
"Flavonoids","Flavonoid glycosides","FDB017191","Delphinidin 3-glucoside","Anthocyanidin-3-O-glycosides","Anthocyanidins"
"Flavonoids","Flavonoid glycosides","FDB017192","Delphinidin 3-arabinoside","Anthocyanidin-3-O-glycosides","Anthocyanidins"
"Flavonoids","Flavonoid glycosides","FDB017193","Delphinidin 3,5-di(6''-malonylglucoside)","Anthocyanidin-5-O-glycosides","Anthocyanidins"
"Flavonoids","Flavonoid glycosides","FDB017195","Delphinidin 3-rutinoside","Anthocyanidin-3-O-glycosides","Anthocyanidins"
"Flavonoids","Flavonoid glycosides","FDB017196","Delphinidin 3-rutinoside 5-glucoside","Anthocyanidin-5-O-glycosides","Anthocyanidins"
"Flavonoids","Flavonoid glycosides","FDB017199","Delphinidin 3-rhamnoside 5-glucoside","Anthocyanidin-5-O-glycosides","Anthocyanidins"
"Flavonoids","Flavonoid glycosides","FDB017201","Delphinidin 3-sambubioside","Anthocyanidin-3-O-glycosides","Anthocyanidins"
"Flavonoids","Flavonoid glycosides","FDB017203","Delphinidin 3-(acetylglucoside)","Anthocyanidin-3-O-glycosides","Anthocyanidins"
"Flavonoids","Flavonoid glycosides","FDB017206","Delphinidin 3-gentiobioside","Anthocyanidin-3-O-glycosides","Anthocyanidins"
"Flavonoids","Flavonoid glycosides","FDB017207","Delphinidin 3-sophoroside","Anthocyanidin-3-O-glycosides","Anthocyanidins"
"Flavonoids","Flavonoid glycosides","FDB017208","Delphinidin 3-sambubioside 5-glucoside","Anthocyanidin-5-O-glycosides","Anthocyanidins"
"Flavonoids","Flavonoid glycosides","FDB017209","Malvidin 3-(6-acetylglucoside)","Anthocyanidin-3-O-glycosides","Anthocyanidins"
"Flavonoids","Flavonoid glycosides","FDB017210","Malvidin 3-arabinoside","Anthocyanidin-3-O-glycosides","Anthocyanidins"
"Flavonoids","Flavonoid glycosides","FDB017212","Malvidin 3-galactoside","Anthocyanidin-3-O-glycosides","Anthocyanidins"
"Flavonoids","Flavonoid glycosides","FDB017216","Malvidin 3-rhamnoside 5-glucoside","Anthocyanidin-5-O-glycosides","Anthocyanidins"
"Flavonoids","Flavonoid glycosides","FDB017242","Malvidin 3-sophoroside 5-glucoside","Anthocyanidin-5-O-glycosides","Anthocyanidins"
"Flavonoids","Flavonoid glycosides","FDB017243","Malvidin 3-laminaribioside","Anthocyanidin-3-O-glycosides","Anthocyanidins"
"Flavonoids","Flavonoid glycosides","FDB017298","Pelargonidin 3-rhamnoside","Anthocyanidin-3-O-glycosides","Anthocyanidins"
"Flavonoids","Flavonoid glycosides","FDB017299","Pelargonidin 3-(6''-malonylglucoside)","Anthocyanidin-3-O-glycosides","Anthocyanidins"
"Flavonoids","Flavonoid glycosides","FDB017300","Pelargonidin 3-rhamnoside 5-glucoside","Anthocyanidin-5-O-glycosides","Anthocyanidins"
"Flavonoids","Flavonoid glycosides","FDB017301","3-Caffeoylpelargonidin 5-glucoside","Anthocyanidin-5-O-glycosides","Anthocyanidins"
"Flavonoids","Flavonoid glycosides","FDB017302","3-Ferulylpelargonidin 5-glucoside","Anthocyanidin-5-O-glycosides","Anthocyanidins"
"Flavonoids","Flavonoid glycosides","FDB017304","Peonidin 3-arabinoside","Anthocyanidin-5-O-glycosides","Anthocyanidins"
"Flavonoids","Flavonoid glycosides","FDB017305","Peonidin 3-rutinoside","Anthocyanidin-3-O-glycosides","Anthocyanidins"
"Flavonoids","Flavonoid glycosides","FDB017307","Peonidin 3-galactoside","Anthocyanidin-3-O-glycosides","Anthocyanidins"
"Flavonoids","Flavonoid glycosides","FDB017310","Peonidin 3-rhamnoside 5-glucoside","Anthocyanidin-5-O-glycosides","Anthocyanidins"
"Flavonoids","Flavonoid glycosides","FDB017311","Peonidin 3-rhamnoside","Anthocyanidin-3-O-glycosides","Anthocyanidins"
"Flavonoids","Flavonoid glycosides","FDB017315","Petanin","Anthocyanidin-5-O-glycosides","Anthocyanidins"
"Flavonoids","Flavonoid glycosides","FDB017316","Petunidin 3-gentiobioside","Anthocyanidin-3-O-glycosides","Anthocyanidins"
"Flavonoids","Flavonoid glycosides","FDB017318","Petunidin 3-rutinoside","Anthocyanidin-3-O-glycosides","Anthocyanidins"
"Flavonoids","Flavonoid glycosides","FDB017319","Petunidin 3-rhamnoside 5-glucoside","Anthocyanidin-5-O-glycosides","Anthocyanidins"
"Flavonoids","Flavonoid glycosides","FDB017855","Cyanidin 3-sophoroside 5-glucoside","Anthocyanidin-5-O-glycosides","Anthocyanidins"
"Flavonoids","Flavonoid glycosides","FDB017859","Delphinidin glycoside","Anthocyanidin-3-O-glycosides","Anthocyanidins"
"Flavonoids","Flavonoid glycosides","FDB018250","Malvidin 3-(6-malonylglucoside) 5-glucoside","Anthocyanidin-5-O-glycosides","Anthocyanidins"
"Flavonoids","Flavonoid glycosides","FDB018628","Delphinidin 3-sophoroside 5-glucoside","Anthocyanidin-5-O-glycosides","Anthocyanidins"
"Flavonoids","Flavonoid glycosides","FDB019600","Delphinidin 3-(6''-malonylglucoside) 5-glucoside","Anthocyanidin-5-O-glycosides","Anthocyanidins"
"Flavonoids","Flavonoid glycosides","FDB020263","Peonidin 3-sophoroside 5-glucoside","Anthocyanidin-5-O-glycosides","Anthocyanidins"
"Flavonoids","Flavonoid glycosides","FDB021353","Cyanidin 3-(3''-malonyl-glucoside)","Anthocyanidin-3-O-glycosides","Anthocyanidins"
"Flavonoids","Flavonoid glycosides","FDB021681","Pelargonidin 3-rutinoside","Anthocyanidin-3-O-glycosides","Anthocyanidins"
"Flavonoids","Flavonoid glycosides","FDB021690","Pelargonidin 3-O-[b-D-Glucopyranosyl-(1->2)-b-D-glucopyranoside] 7-O-b-D-glucopyranoside","Anthocyanidin-7-O-Glycosides","Anthocyanidins"
"Flavonoids","Flavonoid glycosides","FDB021704","Caffeoylcalleryanin","Anthocyanidin-7-O-Glycosides","Anthocyanidins"
"Flavonoids","Flavonoid glycosides","FDB021708","Delphinidin 3-rhamnoside","Anthocyanidin-3-O-glycosides","Anthocyanidins"
"Flavonoids","Flavonoid glycosides","FDB021734","Delphinidin 3-(6""-acetylgalactoside)","Anthocyanidin-3-O-glycosides","Anthocyanidins"
"Flavonoids","Flavonoid glycosides","FDB021735","Delphinidin 3-glucosylglucoside","Anthocyanidin-3-O-glycosides","Anthocyanidins"
"Flavonoids","Flavonoid glycosides","FDB021736","Malvidin 3-rutinoside","Anthocyanidin-3-O-glycosides","Anthocyanidins"
"Flavonoids","Flavonoid glycosides","FDB021737","Petunidin 3-rhamnoside","Anthocyanidin-3-O-glycosides","Anthocyanidins"
"Flavonoids","Flavonoid glycosides","FDB021743","6-Hydroxyluteolin 7-rhamnoside","Anthocyanidin-3-O-glycosides","Anthocyanidins"
"Flavonoids","Flavonoid glycosides","FDB021866","Cyanidin 3-gentiobioside","Anthocyanidin-3-O-glycosides","Anthocyanidins"
"Flavonoids","Flavonoid glycosides","FDB029816","3'-O-Methylcyanidin 3-O-beta-D-glucoside","Anthocyanidin-3-O-glycosides","Anthocyanidins"
"Flavonoids","Flavonoid glycosides","FDB029837","4'-Methyldelphinidin 3-rutinoside","Anthocyanidin-3-O-glycosides","Anthocyanidins"
"Flavonoids","Flavonoid glycosides","FDB029881","Cyanidin 3-[2-(6-(E)-caffeoyl-glucoside)-glucoside] 5-glucoside","Anthocyanidin-5-O-glycosides","Anthocyanidins"
"Flavonoids","Flavonoid glycosides","FDB029882","Cyanidin 3-diglucoside 5-glucoside","Anthocyanidin-5-O-glycosides","Anthocyanidins"
"Flavonoids","Flavonoid glycosides","FDB029920","Isopeonidin 3-arabinoside","Anthocyanidin-3-O-glycosides","Anthocyanidins"
"Flavonoids","Flavonoid glycosides","FDB029921","Isopeonidin 3-galactoside","Anthocyanidin-3-O-glycosides","Anthocyanidins"
"Flavonoids","Flavonoid glycosides","FDB029922","Isopeonidin 3-glucoside","Anthocyanidin-3-O-glycosides","Anthocyanidins"
"Flavonoids","Flavonoid glycosides","FDB029923","Isopeonidin 3-rutinoside","Anthocyanidin-3-O-glycosides","Anthocyanidins"
"Flavonoids","Flavonoid glycosides","FDB029924","Isopeonidin 3-sambubioside","Anthocyanidin-3-O-glycosides","Anthocyanidins"
"Flavonoids","Flavonoid glycosides","FDB029935","Peonidin 3-sambubioside","Anthocyanidin-3-O-glycosides","Anthocyanidins"
"Flavonoids","Flavonoid glycosides","FDB029936","Peonidin 3-sambubioside 5-glucoside","Anthocyanidin-5-O-glycosides","Anthocyanidins"
"Flavonoids","Flavonoid glycosides","FDB029937","Peonidin 3-sophoroside","Anthocyanidin-3-O-glycosides","Anthocyanidins"
"Flavonoids","Flavonoid glycosides","FDB029938","Peonidin 3-xyloside","Anthocyanidin-3-O-glycosides","Anthocyanidins"
"Flavonoids","Flavonoid glycosides","FDB030758","cyanidin-3,5-diglucoside","Anthocyanidin-5-O-glycosides","Anthocyanidins"
"Flavonoids","Flavonoid glycosides","FDB030759","cyanidin-3-O-β-D-glucoside","Anthocyanidin-3-O-glycosides","Anthocyanidins"
"Flavonoids","Flavonoid glycosides","FDB030809","delphinidin 3-O-glucosyl-5-O-caffeoylglucoside","Anthocyanidin 5-O-6-p-coumaroyl glycosides","Anthocyanidins"
"Flavonoids","Flavonoid glycosides","FDB030883","gentiodelphin","Anthocyanidin 5-O-6-p-coumaroyl glycosides","Anthocyanidins"
"Flavonoids","Flavonoid glycosides","FDB030992","malonylshisonin","Anthocyanidin-5-O-glycosides","Anthocyanidins"
"Flavonoids","Flavonoid glycosides","FDB031087","pelargonidin 3-O-sophoroside","Anthocyanidin-3-O-glycosides","Anthocyanidins"
"Flavonoids","Flavonoid glycosides","FDB031090","pelargonidin-3,5-diglucoside","Anthocyanidin-5-O-glycosides","Anthocyanidins"
"Flavonoids","Flavonoid glycosides","FDB031091","pelargonidin-3,5-diglucoside-5-O-caffeoylglucoside","Anthocyanidin 5-O-6-p-coumaroyl glycosides","Anthocyanidins"
"Flavonoids","Flavonoid glycosides","FDB031094","pelargonidin-3-O-rutinoside","Anthocyanidin-3-O-glycosides","Anthocyanidins"
"Flavonoids","Flavonoid glycosides","FDB031173","shisonin","Anthocyanidin 3-O-6-p-coumaroyl glycosides","Anthocyanidins"
"Flavonoids","Flavonoid glycosides","FDB000004","Cyanidin 3-(6''-acetyl-galactoside)","Anthocyanidin-3-O-glycosides","Anthocyanidins"
"Flavonoids","Flavonoid glycosides","FDB000048","p-Coumaroyl vitisin A","Anthocyanidin 3-O-6-p-coumaroyl glycosides","Anthocyanidins"
"Flavonoids","Flavonoid glycosides","FDB002714","Malvidin 3-glucoside","Anthocyanidin-3-O-glycosides","Anthocyanidins"
"Flavonoids","Flavonoid glycosides","FDB007049","Cyanidin 3-rutinoside","Anthocyanidin-3-O-glycosides","Anthocyanidins"
"Flavonoids","Flavonoid glycosides","FDB007984","Cyanidin 3-glucogalactoside","Anthocyanidin-3-O-glycosides","Anthocyanidins"
"Flavonoids","Flavonoid glycosides","FDB016081","Delphinidin 3-lathyroside 5-(6''-acetylglucoside)","Anthocyanidin-5-O-glycosides","Anthocyanidins"
"Flavonoids","Flavonoid glycosides","FDB017159","Cyanidin 3-galactoside","Anthocyanidin-3-O-glycosides","Anthocyanidins"
"Flavonoids","Flavonoid glycosides","FDB017308","Peonidin 3-glucoside","Anthocyanidin-3-O-glycosides","Anthocyanidins"
"Flavonoids","Flavonoid glycosides","FDB017317","Petunidin 3-glucoside","Anthocyanidin-3-O-glycosides","Anthocyanidins"
"Flavonoids","Flavonoid glycosides","FDB021043","Alatanin 1","Anthocyanidin-3-O-glycosides","Anthocyanidins"
"Flavonoids","Flavonoid glycosides","FDB021044","Cyanidin 3-[6-(4-glucosylcoumaryl)sophoroside] 5-glucoside","Anthocyanidin 3-O-6-p-coumaroyl glycosides","Anthocyanidins"
"Flavonoids","Flavonoid glycosides","FDB021045","Cyanidin 3-[6-(4-glucosylferuloyl)sophoroside] 5-glucoside","Anthocyanidin 3-O-6-p-coumaroyl glycosides","Anthocyanidins"
"Flavonoids","Flavonoid glycosides","FDB021054","Alatanin B","Anthocyanidin 7-O-6-p-coumaroyl glycosides","Anthocyanidins"
"Flavonoids","Flavonoid glycosides","FDB021055","Alatanin A","Anthocyanidin 7-O-6-p-coumaroyl glycosides","Anthocyanidins"
"Flavonoids","Flavonoid glycosides","FDB021062","Peonidin 3-lathyroside","Anthocyanidin-3-O-glycosides","Anthocyanidins"
"Flavonoids","Flavonoid glycosides","FDB029925","Isopeonidin 3-xyloside","Anthocyanidin-3-O-glycosides","Anthocyanidins"
"Flavonoids","Flavanones","FDB000678","(S)-Naringenin",NA,"Flavanones"
"Flavonoids","Flavanones","FDB002677","Hesperetin",NA,"Flavanones"
"Flavonoids","Flavanones","FDB016547","Eriodictyol 7-rutinoside",NA,"Flavanones"
"Flavonoids","Flavanones","FDB002680","Hesperidin",NA,"Flavanones"
"Flavonoids","Flavanones","FDB011866","Naringin",NA,"Flavanones"
"Flavonoids","Flavanones","FDB011868","Narirutin",NA,"Flavanones"
"Flavonoids","Flavanones","FDB016548","Eriodictyol 7-neohesperidoside",NA,"Flavanones"
"Flavonoids","Flavanones","FDB002679","Hesperetin 7-neohesperidoside",NA,"Flavanones"
"Flavonoids","Flavanones","FDB016558","Poncirin",NA,"Flavanones"
"Flavonoids","Flavanones","FDB000612","Didymin",NA,"Flavanones"
"Flavonoids","Flavanones","FDB016688","Narirutin 4'-glucoside",NA,"Flavanones"
"Flavonoids","Flavanones","FDB021742","Naringenin 4'-glucoside",NA,"Flavanones"
"Flavonoids","Flavanones","FDB019425","Naringin 6''-malonate",NA,"Flavanones"
"Flavonoids","Flavanones","FDB016683","Prunin",NA,"Flavanones"
"Flavonoids","Flavanones","FDB002759","(S)-Pinocembrin",NA,"Flavanones"
"Flavonoids","Flavanones","FDB012291","(S)-4',5,7-Trihydroxy-8-prenylflavanone",NA,"Flavanones"
"Flavonoids","Flavanones","FDB016258","6-Prenylnaringenin",NA,"Flavanones"
"Flavonoids","Flavanones","FDB000133","6-Geranylnaringenin",NA,"Flavanones"
"Flavonoids","Flavanones","FDB012290","Isoxanthohumol",NA,"Flavanones"
"Flavonoids","Flavanones","FDB000689","Eriodictyol 7-glucoside",NA,"Flavanones"
"Flavonoids","Flavanones","FDB001472","Sakuranetin",NA,"Flavanones"
"Flavonoids","Flavans","FDB001471","Butin","Flavanones","Flavanones"
"Flavonoids","Flavans","FDB002758","Pinocembrin","Flavanones","Flavanones"
"Flavonoids","Flavans","FDB005026","Citronetin","Flavanones","Flavanones"
"Flavonoids","Flavans","FDB008502","4',5,8-Trihydroxyflavanone","Flavanones","Flavanones"
"Flavonoids","Flavans","FDB011936","3',4',5,7-Tetrahydroxyflavanone","Flavanones","Flavanones"
"Flavonoids","Flavans","FDB016551","5-Methyleriodictyol 7-[xylosyl-(1->?)-arabinoside]","Flavanones","Flavanones"
"Flavonoids","Flavans","FDB016563","Liquiritin rhamnoside","Flavanones","Flavanones"
"Flavonoids","Flavans","FDB016687","Naringenin fructoside","Flavanones","Flavanones"
"Flavonoids","Flavans","FDB016689","4'-Prenylnaringenin","Flavanones","Flavanones"
"Flavonoids","Flavans","FDB030116","(2S)-dihydrotricetin","Flavanones","Flavanones"
"Flavonoids","Flavans","FDB030117","(2S)-pinocembrin","Flavanones","Flavanones"
"Flavonoids","Flavans","FDB093742","Naringenin 7-sulfate","Flavanones","Flavanones"
"Flavonoids","Flavans","FDB000655","Liquiritigenin","Flavanones","Flavanones"
"Flavonoids","Flavans","FDB016333","Norartocarpanone","Flavanones","Flavanones"
"Flavonoids","Flavonols","FDB000633","Kaempferol",NA,"Flavonols"
"Flavonoids","Flavonols","FDB011904","Quercetin",NA,"Flavonols"
"Flavonoids","Flavonols","FDB002711","Hyperin",NA,"Flavonols"
"Flavonoids","Flavonols","FDB017087","Quercetin 3-xyloside",NA,"Flavonols"
"Flavonoids","Flavonols","FDB011884","Quercitrin",NA,"Flavonols"
"Flavonoids","Flavonols","FDB002536","Quercetin 3-rutinoside",NA,"Flavonols"
"Flavonoids","Flavonols","FDB002820","Avicularin",NA,"Flavonols"
"Flavonoids","Flavonols","FDB000154","Quercetin 3-O-xylosyl-glucuronide",NA,"Flavonols"
"Flavonoids","Flavonols","FDB016411","Isorhamnetin 3-glucoside 7-rhamnoside",NA,"Flavonols"
"Flavonoids","Flavonols","FDB000609","Isorhamnetin 3-rutinoside",NA,"Flavonols"
"Flavonoids","Flavonols","FDB000634","Kaempferol 3-glucuronide",NA,"Flavonols"
"Flavonoids","Flavonols","FDB000606","Isorhamnetin 7-glucoside",NA,"Flavonols"
"Flavonoids","Flavonols","FDB016392","Quercetin 3,4'-diglucoside",NA,"Flavonols"
"Flavonoids","Flavonols","FDB021842","Myricetin 3-rutinoside",NA,"Flavonols"
"Flavonoids","Flavonols","FDB012724","Myricetin",NA,"Flavonols"
"Flavonoids","Flavonols","FDB002736","Morin",NA,"Flavonols"
"Flavonoids","Flavonols","FDB016499","Kaempferide",NA,"Flavonols"
"Flavonoids","Flavonols","FDB012723","Myricetin 3-galactoside",NA,"Flavonols"
"Flavonoids","Flavonols","FDB017001","Myricetin 3-glucoside",NA,"Flavonols"
"Flavonoids","Flavonols","FDB000162","Quercetin 3-O-glucosyl-xyloside",NA,"Flavonols"
"Flavonoids","Flavonols","FDB000163","Quercetin 3-O-acetyl-rhamnoside",NA,"Flavonols"
"Flavonoids","Flavonols","FDB002824","Kaempferol 3-galactoside",NA,"Flavonols"
"Flavonoids","Flavonols","FDB000657","Galangin",NA,"Flavonols"
"Flavonoids","Flavonols","FDB000604","Isorhamnetin",NA,"Flavonols"
"Flavonoids","Flavonols","FDB016478","Astragalin",NA,"Flavonols"
"Flavonoids","Flavonols","FDB016667","Kaempferol 3-rutinoside",NA,"Flavonols"
"Flavonoids","Flavonols","FDB000164","Kaempferol 3-O-glucosyl-rhamnosyl-galactoside",NA,"Flavonols"
"Flavonoids","Flavonols","FDB000165","Kaempferol 3-O-glucosyl-rhamnosyl-glucoside",NA,"Flavonols"
"Flavonoids","Flavonols","FDB000166","Quercetin 3-O-glucosyl-rhamnosyl-galactoside",NA,"Flavonols"
"Flavonoids","Flavonols","FDB000167","Quercetin 3-O-glucosyl-rhamnosyl-glucoside",NA,"Flavonols"
"Flavonoids","Flavonols","FDB002829","Rhamnetin",NA,"Flavonols"
"Flavonoids","Flavonols","FDB021629","Isorhamnetin 3-O-b-D-glucopyranoside",NA,"Flavonols"
"Flavonoids","Flavonols","FDB012726","Myricetin 3-rhamnoside",NA,"Flavonols"
"Flavonoids","Flavonols","FDB000168","Quercetin 3-O-rhamnosyl-galactoside",NA,"Flavonols"
"Flavonoids","Flavonols","FDB016876","Isorhamnetin 3-glucuronide",NA,"Flavonols"
"Flavonoids","Flavonols","FDB021745","Myricetin 3-arabinofuranoside",NA,"Flavonols"
"Flavonoids","Flavonols","FDB016381","Quercetin 4',7-diglucoside",NA,"Flavonols"
"Flavonoids","Flavonols","FDB017095","Quercetin 4'-glucoside",NA,"Flavonols"
"Flavonoids","Flavonols","FDB014968","Isorhamnetin 4'-glucoside",NA,"Flavonols"
"Flavonoids","Flavonols","FDB000176","3,7-Dimethylquercetin",NA,"Flavonols"
"Flavonoids","Flavonols","FDB016668","Kaempferol 3-sophoroside",NA,"Flavonols"
"Flavonoids","Flavonols","FDB016484","Astragalin 7-glucoside",NA,"Flavonols"
"Flavonoids","Flavonols","FDB016400","Quercetin 3-(6''-malonyl-glucoside)",NA,"Flavonols"
"Flavonoids","Flavonols","FDB000188","Kaempferol 3-O-(6""-malonyl-glucoside)",NA,"Flavonols"
"Flavonoids","Flavonols","FDB016491","Kaempferol 3-rhamnoside",NA,"Flavonols"
"Flavonoids","Flavonols","FDB000189","Quercetin 3-O-(6""-malonyl-glucoside) 7-O-glucoside",NA,"Flavonols"
"Flavonoids","Flavonols","FDB016624","Patuletin 3-(2''-apiosylgentiobioside)",NA,"Flavonols"
"Flavonoids","Flavonols","FDB003503","Spinacetin 3-(2''-apiosylgentiobioside)",NA,"Flavonols"
"Flavonoids","Flavonols","FDB008211","Patuletin 3-(2''-apiosyl-[2'''-feruloylgentiobioside])",NA,"Flavonols"
"Flavonoids","Flavonols","FDB003504","Spinacetin 3-[p-coumaroyl-(->2)-glucosyl-(1->6)-[apiosyl-(1->2)]-glucoside]",NA,"Flavonols"
"Flavonoids","Flavonols","FDB003505","Spinacetin 3-[feruloyl-(->2)-glucosyl-(1->6)-[apiosyl-(1->2)]-glucoside]",NA,"Flavonols"
"Flavonoids","Flavonols","FDB016534","Spinacetin 3-gentiobioside",NA,"Flavonols"
"Flavonoids","Flavonols","FDB008316","Jaceidin 4'-glucuronide",NA,"Flavonols"
"Flavonoids","Flavonols","FDB001550","5,3',4'-Trihydroxy-3-methoxy-6,7-methylenedioxyflavone 4'-glucuronide",NA,"Flavonols"
"Flavonoids","Flavonols","FDB001551","5,4'-Dihydroxy-3,3'-dimethoxy-6,7-methylenedioxyflavone 4'-glucuronide",NA,"Flavonols"
"Flavonoids","Flavonols","FDB019115","Kaempferol 3-xylosylglucoside",NA,"Flavonols"
"Flavonoids","Flavonols","FDB000201","Kaempferol 3-O-acetyl-glucoside",NA,"Flavonols"
"Flavonoids","Flavonols","FDB000202","Quercetin 3-O-xylosyl-rutinoside",NA,"Flavonols"
"Flavonoids","Flavonols","FDB000203","Kaempferol 3-O-xylosyl-rutinoside",NA,"Flavonols"
"Flavonoids","Flavonols","FDB016495","Kaempferol 7-glucoside",NA,"Flavonols"
"Flavonoids","Flavonols","FDB000207","Kaempferol 3-O-(6''-acetyl-galactoside) 7-O-rhamnoside",NA,"Flavonols"
"Flavonoids","Flavonols","FDB018937","6''-Acetylhyperin 7-rhamnoside",NA,"Flavonols"
"Flavonoids","Flavonols","FDB000210","Kaempferol 3-O-(2''-rhamnosyl-galactoside) 7-O-rhamnoside",NA,"Flavonols"
"Flavonoids","Flavonols","FDB000211","Kaempferol 3-O-(2''-rhamnosyl-6''-acetyl-galactoside) 7-O-rhamnoside",NA,"Flavonols"
"Flavonoids","Flavonols","FDB021746","3,4',5,6,7,8-Hexahydroxyflavone",NA,"Flavonols"
"Flavonoids","Flavonols","FDB000605","Isorhamnetin 3-galactoside",NA,"Flavonols"
"Flavonoids","Flavonols","FDB000214","Quercetin 3-O-rhamnosyl-(1->2)-rhamnosyl-(1->6)-glucoside",NA,"Flavonols"
"Flavonoids","Flavonols","FDB000215","Kaempferol 3-O-rhamnosyl-rhamnosyl-glucoside",NA,"Flavonols"
"Flavonoids","Flavonols","FDB000658","3-Methylgalangin",NA,"Flavonols"
"Flavonoids","Flavonols","FDB000216","Kaempferol 3,7,4'-O-triglucoside",NA,"Flavonols"
"Flavonoids","Flavonols","FDB016817","3-Methoxynobiletin",NA,"Flavonols"
"Flavonoids","Flavonols","FDB000219","3-Methoxysinensetin",NA,"Flavonols"
"Flavonoids","Flavones","FDB000376","6-Hydroxykaempferol","Flavonols","Flavonols"
"Flavonoids","Flavones","FDB000600","Isolimocitrol","Flavonols","Flavonols"
"Flavonoids","Flavones","FDB000624","Fisetin","Flavonols","Flavonols"
"Flavonoids","Flavones","FDB002421","3,4',5,7-Tetrahydroxy-6-methoxyflavone","Flavonols","Flavonols"
"Flavonoids","Flavones","FDB002473","Rhamnazin","Flavonols","Flavonols"
"Flavonoids","Flavones","FDB002480","Spinacetin","Flavonols","Flavonols"
"Flavonoids","Flavones","FDB002675","Tambulin","Flavonols","Flavonols"
"Flavonoids","Flavones","FDB002765","Prudomestin","Flavonols","Flavonols"
"Flavonoids","Flavones","FDB005977","6-Methoxy-7-methylquercetin","Flavonols","Flavonols"
"Flavonoids","Flavones","FDB005983","Apigenin 7-(6''-O-acetyl)-glucoside","Flavonols","Flavonols"
"Flavonoids","Flavones","FDB006019","Rhamnocitrin","Flavonols","Flavonols"
"Flavonoids","Flavones","FDB011897","Quercetagetin","Flavonols","Flavonols"
"Flavonoids","Flavones","FDB016500","Kaempferide 3-[glucopyranosyl-(1->?)-glucopyranoside]","Flavonols","Flavonols"
"Flavonoids","Flavones","FDB016819","Limocitrol","Flavonols","Flavonols"
"Flavonoids","Flavones","FDB017002","Myricetin 3-digalactoside","Flavonols","Flavonols"
"Flavonoids","Flavones","FDB017962","Pollenitin","Flavonols","Flavonols"
"Flavonoids","Flavones","FDB018892","Pollenin A","Flavonols","Flavonols"
"Flavonoids","Flavones","FDB020708","3',4',7-Trimethylgossypetin","Flavonols","Flavonols"
"Flavonoids","Flavones","FDB093495","syringetin","Flavonols","Flavonols"
"Flavonoids","Flavones","FDB000652","Limocitrin","Flavonols","Flavonols"
"Flavonoids","Flavones","FDB002744","Patuletin","Flavonols","Flavonols"
"Flavonoids","Flavones","FDB012239","3,4',7-Trihydroxyflavone","Flavonols","Flavonols"
"Flavonoids","Flavones","FDB016378","3',4'-Dimethylquercetin","Flavonols","Flavonols"
"Flavonoids","Flavones","FDB016383","Tamarixetin","Flavonols","Flavonols"
"Flavonoids","Flavones","FDB016384","3,3',4',5,5',8-Hexahydroxyflavone","Flavonols","Flavonols"
"Flavonoids","Flavones","FDB020069","3,5,6-Trihydroxy-3',4',7-trimethoxyflavone","Flavonols","Flavonols"
"Flavonoids","Flavones","FDB002798","Apigenin","Flavones","Flavones"
"Flavonoids","Flavones","FDB013255","Luteolin","Flavones","Flavones"
"Flavonoids","Flavones","FDB000693","Diosmetin 7-rutinoside",NA,"Flavones"
"Flavonoids","Flavones","FDB016371","Isorhoifolin",NA,"Flavones"
"Flavonoids","Flavones","FDB019514","Diosmetin 7-neohesperidoside",NA,"Flavones"
"Flavonoids","Flavones","FDB018285","Rhoifolin",NA,"Flavones"
"Flavonoids","Flavones","FDB015552","Sinensetin",NA,"Flavones"
"Flavonoids","Flavones","FDB000683","Nobiletin",NA,"Flavones"
"Flavonoids","Flavones","FDB002412","Tangeritin",NA,"Flavones"
"Flavonoids","Flavones","FDB000135","Luteolin 7-O-diglucuronide",NA,"Flavones"
"Flavonoids","Flavones","FDB015535","Chrysin","Flavones","Flavones"
"Flavonoids","Flavones","FDB017830","Scolymoside",NA,"Flavones"
"Flavonoids","Flavones","FDB002465","Tetramethylscutellarein",NA,"Flavones"
"Flavonoids","Flavones","FDB014280","Luteolin 7-glucoside",NA,"Flavones"
"Flavonoids","Flavones","FDB016362","Apigenin 7-glucoside",NA,"Flavones"
"Flavonoids","Flavones","FDB002630","Vicenin 2",NA,"Flavones"
"Flavonoids","Flavones","FDB000136","Apigenin 6-C-arabinoside 8-C-glucoside",NA,"Flavones"
"Flavonoids","Flavones","FDB000137","Apigenin 6-C-galactoside 8-C-arabinoside",NA,"Flavones"
"Flavonoids","Flavones","FDB017828","Luteolin 7-glucuronide",NA,"Flavones"
"Flavonoids","Flavones","FDB000138","Apigenin 7-O-glucuronide",NA,"Flavones"
"Flavonoids","Flavones","FDB000139","Luteolin 7-malonylglucoside",NA,"Flavones"
"Flavonoids","Flavones","FDB012395","Isoorientin",NA,"Flavones"
"Flavonoids","Flavones","FDB001541","Luteolin 7-(2''-apiosylglucoside)",NA,"Flavones"
"Flavonoids","Flavones","FDB000144","Luteolin 7-O-(2-apiosyl-6-malonyl)-glucoside",NA,"Flavones"
"Flavonoids","Flavones","FDB002801","Apiin",NA,"Flavones"
"Flavonoids","Flavones","FDB012021","3',4',7-Trihydroxyflavone","Flavones","Flavones"
"Flavonoids","Flavones","FDB001536","7,4'-Dihydroxyflavone","Flavones","Flavones"
"Flavonoids","Flavones","FDB012022","Geraldone",NA,"Flavones"
"Flavonoids","Flavones","FDB012057","Baicalein","Flavones","Flavones"
"Flavonoids","Flavones","FDB000614","Isovitexin",NA,"Flavones"
"Flavonoids","Flavones","FDB001473","6-Methylscutellarein",NA,"Flavones"
"Flavonoids","Flavones","FDB001537","Cirsimaritin",NA,"Flavones"
"Flavonoids","Flavones","FDB000691","Pebrellin",NA,"Flavones"
"Flavonoids","Flavones","FDB016711","5,6-Dihydroxy-4',7,8-trimethoxyflavone",NA,"Flavones"
"Flavonoids","Flavones","FDB002752","Gardenin B",NA,"Flavones"
"Flavonoids","Flavones","FDB002422","Eupafolin",NA,"Flavones"
"Flavonoids","Flavones","FDB000146","Jaceosidin",NA,"Flavones"
"Flavonoids","Flavones","FDB016702","Cirsilineol",NA,"Flavones"
"Flavonoids","Flavones","FDB001539","Eupatorin",NA,"Flavones"
"Flavonoids","Flavones","FDB015551","6-Hydroxyluteolin","Flavones","Flavones"
"Flavonoids","Flavones","FDB002464","Scutellarein","Flavones","Flavones"
"Flavonoids","Flavones","FDB000148","Apigenin 7-O-(6''-malonyl-apiosyl-glucoside)",NA,"Flavones"
"Flavonoids","Flavones","FDB016515","Chrysoeriol 7-[apiofuranosyl-(1->2)-glucoside]",NA,"Flavones"
"Flavonoids","Flavones","FDB000150","Chrysoeriol 7-O-(6''-malonyl-apiosyl-glucoside)",NA,"Flavones"
"Flavonoids","Flavones","FDB016512","Chrysoeriol 7-glucoside",NA,"Flavones"
"Flavonoids","Flavones","FDB016517","Chrysoeriol 7-(6''-malonylglucoside)",NA,"Flavones"
"Flavonoids","Flavones","FDB000152","Apigenin 7-O-diglucuronide",NA,"Flavones"
"Flavonoids","Flavones","FDB021744","Rhoifolin 4-glucoside",NA,"Flavones"
"Flavonoids","Flavones","FDB001152","Kaempferol 3-feruloylapioside","Flavones","Flavones"
"Flavonoids","Flavones","FDB002416","Neohesperidin dihydrochalcone","Flavones","Flavones"
"Flavonoids","Flavones","FDB002417","Norartocarpetin","Flavones","Flavones"
"Flavonoids","Flavones","FDB011029","Isoartocarpesin","Flavones","Flavones"
"Flavonoids","Flavones","FDB017004","Apigenin 7-sulfate","Flavones","Flavones"
"Flavonoids","Flavones","FDB017832","Luteolin 7-(2''-glucuronylglucuronide) 4'-glucuronide","Flavones","Flavones"
"Flavonoids","Flavones","FDB017833","Luteolin 7-(caffeoylglucoside)","Flavones","Flavones"
"Flavonoids","Flavones","FDB017835","Luteolin 4'-sulfate","Flavones","Flavones"
"Flavonoids","Flavones","FDB018235","Luteolin 7-disulfoglucoside","Flavones","Flavones"
"Flavonoids","Flavones","FDB018933","Luteolin 7-diglucoside","Flavones","Flavones"
"Flavonoids","Flavones","FDB021653","Luteolin 7-rhamnosylglucoside","Flavones","Flavones"
"Flavonoids","Flavones","FDB021711","6,7-Dimethylscutellarein","Flavones","Flavones"
"Flavonoids","Flavones","FDB093733","Kaempferol 3-sulfate","Flavones","Flavones"
"Flavonoids","Flavones","FDB000790","Tricetin","Flavones","Flavones"
"Flavonoids","Flavans","FDB001632","Gallocatechin 3'-gallate","Catechin gallates","Flavan-3-ols"
"Flavonoids","Flavans","FDB002415","3,3',4',7-Tetrahydroxyflavan","Flavan-3-ols","Flavan-3-ols"
"Flavonoids","O-methylated flavonoids","FDB002426","Theaflavin 3,3'-digallate","8-O-methylated flavonoids","Flavan-3-ols"
"Flavonoids","Flavans","FDB002572","Catechin 3-gallate","Catechin gallates","Flavan-3-ols"
"Flavonoids","Flavans","FDB002779","Afzelechin","Flavan-3-ols","Flavan-3-ols"
"Flavonoids","Flavans","FDB004585","Theaflavin monogallate","Catechins","Flavan-3-ols"
"Flavonoids","Biflavonoids and polyflavonoids","FDB004901","Proanthocyanidins","Biflavonoids and polyflavonoids","Flavan-3-ols"
"Flavonoids","Flavans","FDB006782","Flavan-3-ol","Catechin gallates","Flavan-3-ols"
"Flavonoids","Flavans","FDB010887","Isotheaflavin 3'-gallate","Catechin gallates","Flavan-3-ols"
"Flavonoids","Flavans","FDB012511","Theaflavin","Catechins","Flavan-3-ols"
"Flavonoids","Flavans","FDB012512","Theaflavin 3'-gallate","Catechin gallates","Flavan-3-ols"
"Flavonoids","Biflavonoids and polyflavonoids","FDB016778","Proanthocyanidin A2","Biflavonoids and polyflavonoids","Flavan-3-ols"
"Flavonoids","Biflavonoids and polyflavonoids","FDB016779","Proanthocyanidin A1","Biflavonoids and polyflavonoids","Flavan-3-ols"
"Flavonoids","Biflavonoids and polyflavonoids","FDB016780","Proanthocyanidin A5'","Biflavonoids and polyflavonoids","Flavan-3-ols"
"Flavonoids","Flavonoid glycosides","FDB017085","Theaflavin 3-gallate","Flavonoid C-glycosides","Flavan-3-ols"
"Flavonoids","Flavans","FDB017115","Epicatechin 3-(3-methylgallate)","Catechin gallates","Flavan-3-ols"
"Flavonoids","Flavans","FDB017118","Catechin 7-gallate","Catechin gallates","Flavan-3-ols"
"Flavonoids","Biflavonoids and polyflavonoids","FDB017141","Proanthocyanidin B2 3,3'-digallate","Biflavonoids and polyflavonoids","Flavan-3-ols"
"Flavonoids","Flavans","FDB017703","Epigallocatechin 3-(3-methylgallate)","Catechin gallates","Flavan-3-ols"
"Flavonoids","Flavans","FDB017704","Epigallocatechin 3,5-digallate","Catechin gallates","Flavan-3-ols"
"Flavonoids","Flavans","FDB018262","Theasinensin F","Catechin gallates","Flavan-3-ols"
"Flavonoids","Flavans","FDB018281","(-)-Epiafzelechin 3-gallate","Flavan-3-ols","Flavan-3-ols"
"Flavonoids","Flavans","FDB018297","Oolongtheanin","Catechin gallates","Flavan-3-ols"
"Flavonoids","Flavans","FDB018738","8-C-Ascorbylepigallocatechin 3-gallate","Catechin gallates","Flavan-3-ols"
"Flavonoids","Flavans","FDB018843","Epigallocatechin 3,3'-digallate","Catechin gallates","Flavan-3-ols"
"Flavonoids","Flavans","FDB018844","Epigallocatechin 3,4'-digallate","Catechin gallates","Flavan-3-ols"
"Flavonoids","Flavans","FDB019226","Oolonghomobisflavan B","Catechin gallates","Flavan-3-ols"
"Flavonoids","Flavans","FDB019252","Assamicain C","Catechin gallates","Flavan-3-ols"
"Flavonoids","Flavans","FDB019355","Assamicain A","Catechin gallates","Flavan-3-ols"
"Flavonoids","Biflavonoids and polyflavonoids","FDB019520","Proanthocyanidin A5' 3-galactoside","Biflavonoids and polyflavonoids","Flavan-3-ols"
"Flavonoids","Flavans","FDB020014","Epigallocatechin 3-(4-methylgallate)","Catechin gallates","Flavan-3-ols"
"Flavonoids","Flavans","FDB020401","Epitheaflavic acid 3'-gallate","Catechin gallates","Flavan-3-ols"
"Flavonoids","Biflavonoids and polyflavonoids","FDB020475","Proanthocyanidin A7","Biflavonoids and polyflavonoids","Flavan-3-ols"
"Flavonoids","Flavans","FDB021740","Gallocatechin 3-gallate","Catechin gallates","Flavan-3-ols"
"Flavonoids","Flavans","FDB029827","4',4''-Dimethylepigallocatechin 3-gallate","Catechin gallates","Flavan-3-ols"
"Flavonoids","Flavans","FDB093704","Epigallocatechin-3-gallate","Catechin gallates","Flavan-3-ols"
"Flavonoids","Flavans","FDB097203","(+)-Gallocatechin 3-O-gallate","Catechin gallates","Flavan-3-ols"
"Flavonoids","Flavans","FDB000613","Isotheaflavin","Catechins","Flavan-3-ols"
"Flavonoids","Flavans","FDB002778","(-)-Epiafzelechin","Flavan-3-ols","Flavan-3-ols"
"Flavonoids","Flavans","FDB011064","Theaflavate A","Catechin gallates","Flavan-3-ols"
"Flavonoids","Flavans","FDB016544","4beta-(2-Aminoethylthio)epicatechin 3-gallate","Catechin gallates","Flavan-3-ols"
"Flavonoids","Flavans","FDB017114","Epicatechin 3-gallate","Catechin gallates","Flavan-3-ols"
